R2: 0.23308686049080007
MAE: 0.5667609266233857
RMSE: 0.7357092639331829
